<?xml version="1.0" encoding="UTF-8"?>
<kml xmlns="http://www.opengis.net/kml/2.2" xmlns:gx="http://www.google.com/kml/ext/2.2" xmlns:kml="http://www.opengis.net/kml/2.2" xmlns:atom="http://www.w3.org/2005/Atom">
<Document>
	<name>Seto-Chūō Expressway.kml</name>
	<Style id="s_ylw-pushpin">
		<IconStyle>
			<scale>1.1</scale>
			<Icon>
				<href>http://maps.google.com/mapfiles/kml/pushpin/ylw-pushpin.png</href>
			</Icon>
			<hotSpot x="20" y="2" xunits="pixels" yunits="pixels"/>
		</IconStyle>
		<LineStyle>
			<color>ff0000ff</color>
			<width>5</width>
		</LineStyle>
	</Style>
	<StyleMap id="m_ylw-pushpin">
		<Pair>
			<key>normal</key>
			<styleUrl>#s_ylw-pushpin</styleUrl>
		</Pair>
		<Pair>
			<key>highlight</key>
			<styleUrl>#s_ylw-pushpin_hl</styleUrl>
		</Pair>
	</StyleMap>
	<Style id="s_ylw-pushpin_hl">
		<IconStyle>
			<scale>1.3</scale>
			<Icon>
				<href>http://maps.google.com/mapfiles/kml/pushpin/ylw-pushpin.png</href>
			</Icon>
			<hotSpot x="20" y="2" xunits="pixels" yunits="pixels"/>
		</IconStyle>
		<LineStyle>
			<color>ff0000ff</color>
			<width>5</width>
		</LineStyle>
	</Style>
	<Placemark>
		<name>Seto-Chūō Expressway</name>
		<styleUrl>#m_ylw-pushpin</styleUrl>
		<LineString>
			<tessellate>1</tessellate>
			<coordinates>
				133.8111943417956,34.60160079008397,0 133.8117238806435,34.59943587574423,0 133.8118827355952,34.59854956386403,0 133.8119533328635,34.59767777608596,0 133.8120062780775,34.59673332983056,0 133.811794458699,34.59559997902026,0 133.8116179408632,34.59476964115795,0 133.8113002313825,34.59401410257817,0 133.8109119272604,34.5932295037506,0 133.8103294801087,34.59238678145761,0 133.8097823401989,34.59158764036049,0 133.808705716765,34.5904833475167,0 133.8077702966113,34.58943714716389,0 133.8071172650149,34.5888268422761,0 133.8063388564898,34.5879947147822,0 133.8055094237779,34.58696307595345,0 133.8047859061998,34.58587331989271,0 133.804256523415,34.58492886338612,0 133.8042388773733,34.58489980296286,0 133.8035859783517,34.58376644107107,0 133.8031801565417,34.58267666704663,0 133.8029155009943,34.5818338988182,0 133.8028097282465,34.58112362981422,0 133.8027745004289,34.58044073247136,0 133.802827516841,34.5796706621456,0 133.8028981720913,34.57895870984727,0 133.8030747011166,34.57831941100029,0 133.8034806895036,34.57702627530342,0 133.8038159562946,34.57596566044104,0 133.8041336101556,34.57515199706194,0 133.8043630276716,34.57420755357376,0 133.804433620365,34.57359728901597,0 133.804521903972,34.57212758742477,0 133.8043454716729,34.57119768615512,0 133.8040631711916,34.57020966632688,0 133.8021576376765,34.56554550855473,0 133.8015931537577,34.56406199129963,0 133.8013991332587,34.56287054391466,0 133.8013109652274,34.56183892344519,0 133.8013639495081,34.56064747175299,0 133.8015580764676,34.55935430069517,0 133.8021051762335,34.55732231723025,0 133.8026345550675,34.55520099663409,0 133.8027757328648,34.55409674047006,0 133.8027934099618,34.55294888127493,0 133.8026346679304,34.55161210560133,0 133.8024935481736,34.55097276424629,0 133.8015645226452,34.54871914369522,0 133.8009118883238,34.54764391988722,0 133.8002945561667,34.5464379294068,0 133.7998536171459,34.54547894657442,0 133.7995890839896,34.54450543692614,0 133.7994480472406,34.54327038648638,0 133.7995363473509,34.54161395329879,0 133.799642360127,34.54018011145475,0 133.7999070764186,34.5384656207165,0 133.8003481469663,34.53685283838933,0 133.8011772620932,34.53461525033729,0 133.8030197625095,34.53051164178972,0 133.8033549029225,34.52939286379065,0 133.8036371171219,34.52836125802187,0 133.8037605918473,34.52741681905349,0 133.80413107466,34.52361161780284,0 133.8049599814239,34.52056039631716,0 133.805295048708,34.51957236866546,0 133.8054713980819,34.51845355394846,0 133.8054185264544,34.51728761327892,0 133.8049248076994,34.51518081214393,0 133.8030477664753,34.51034486081391,0 133.8022190944337,34.509022636622,0 133.8008967513838,34.50722088172676,0 133.8002267788407,34.50605843581571,0 133.7998741704227,34.50523018314572,0 133.7994750962953,34.50418468346572,0 133.7982764673153,34.50052307789385,0 133.7980473138608,34.49986919699516,0 133.7975724437681,34.49899264054161,0 133.7967263079605,34.49800456219025,0 133.7960388140174,34.49735066913223,0 133.7949458526996,34.49655142910613,0 133.792037075033,34.49499636795446,0 133.7914150053998,34.4946288784635,0 133.7906570509397,34.49404759104325,0 133.7898638798467,34.49333553192051,0 133.7892470160009,34.49260896620937,0 133.7887711802258,34.49194053732299,0 133.7885597387617,34.49146102976932,0 133.7883483210729,34.49087981362339,0 133.7875379788222,34.48830791564971,0 133.787027039433,34.48719895986056,0 133.7865688910823,34.48647240524436,0 133.7857758627763,34.48558596437572,0 133.7839429889655,34.48400188297179,0 133.7826724764872,34.48262570730027,0 133.7813685863069,34.48101266114613,0 133.7802763149234,34.47918168059132,0 133.7799946353266,34.47807733690877,0 133.7798715146365,34.47722002394393,0 133.7800129643015,34.4759029108188,0 133.7804716767843,34.47445003903849,0 133.7810712944265,34.47322967599312,0 133.7829581198057,34.46974290325972,0 133.7838572582998,34.46776620681612,0 133.7841218461011,34.46690899863758,0 133.7844571319137,34.46523814870703,0 133.7846517090623,34.46241942283757,0 133.784599654551,34.45932637917306,0 133.7846704158202,34.45826572899181,0 133.7850055852679,34.45684187789442,0 133.7854639755709,34.45588298857126,0 133.7861514237971,34.45495318385395,0 133.7868563225726,34.45412051920989,0 133.7877375107343,34.45342323425385,0 133.7889358397154,34.45276957705608,0 133.7901693599388,34.45229026557492,0 133.7910856623127,34.4520579049124,0 133.7919490889622,34.45191270758107,0 133.7928301252013,34.45185468307463,0 133.7971167048092,34.45191321152586,0 133.7991782990079,34.45175351339906,0 133.8001298193699,34.45160826016792,0 133.8015042614316,34.45127412005037,0 133.8026496536891,34.4508673014269,0 133.8038479419492,34.45022797625161,0 133.8048700362121,34.44957409232222,0 133.8054331540631,34.44910878640336,0 133.8060498448949,34.44851306981049,0 133.8065960467895,34.44784470542298,0 133.8071246182745,34.44704557431527,0 133.8076707957484,34.44604302635352,0 133.8080760128309,34.44505500412753,0 133.8082521861969,34.44429945456503,0 133.8083578820193,34.4434276610226,0 133.8084283122029,34.4419082128121,0 133.808375430313,34.44093472226202,0 133.8081111262454,34.43935099626393,0 133.8073006856268,34.43609634949787,0 133.8056799662762,34.43082893304652,0 133.804235621972,34.424338426159,0 133.8039890336664,34.42304523709858,0 133.8039010785843,34.42038151825067,0 133.8040244050135,34.4188994847796,0 133.8044119157923,34.41770803799822,0 133.8049050926615,34.41666187591805,0 133.805883558393,34.41352594955039,0 133.8063238461065,34.41188405691142,0 133.8073805390129,34.40778286872295,0 133.8079440408404,34.40564699068588,0 133.809757615281,34.39819704729872,0 133.8103562453549,34.39658422816185,0 133.8111485734288,34.39530555931818,0 133.8116239689626,34.39457902605277,0 133.8131676318221,34.39282273625317,0 133.8145409240406,34.39167480830632,0 133.8159845796929,34.39010547497068,0 133.8168627017997,34.38863393656055,0 133.8176547929494,34.38699201224804,0 133.8182883720138,34.3850594712662,0 133.8211806268491,34.37619289501787,0 133.8280498532188,34.35571973399013,0 133.8284015436863,34.35455729790833,0 133.828542102331,34.35367095742914,0 133.8286473943575,34.35255213529201,0 133.8283299417822,34.34997833582805,0 133.8279069497259,34.34765362691839,0 133.8262597286209,34.3384300393064,0 133.8262066296945,34.33702295819311,0 133.8263822222922,34.33548278765748,0 133.8273723092654,34.32981809172408,0 133.827917183181,34.32768213188391,0 133.8283918941554,34.32644700666891,0 133.8299739061184,34.32400546024843,0 133.8309764383033,34.32303176977185,0 133.8334388579294,34.32106969272998,0 133.8355306339584,34.31937955528273,0 133.836585763396,34.31824598449229,0 133.8372188025656,34.3174902763618,0 133.8383089928139,34.31610964255481,0 133.8388252345492,34.31513997643725,0 133.8391943021064,34.31423904039502,0 133.8393522167329,34.31320739588749,0 133.8394922312681,34.31140568046893,0 133.8394035590524,34.30958946942231,0 133.8395611654148,34.307800413704,0 133.8397716931875,34.30642004308029,0 133.8402635451862,34.30479257918636,0 133.8410719783963,34.30313593311775,0 133.8427694788215,34.30020932478385,0 133.8435250938008,34.29866894486517,0 133.8441707156553,34.29747490007816,0 
			</coordinates>
		</LineString>
	</Placemark>
</Document>
</kml>