<?xml version="1.0" encoding="UTF-8"?>
<kml xmlns="http://earth.google.com/kml/2.2">
<Document>
  <name>U.S. Highway 319</name>
  <Style id="style3">
    <IconStyle>
      <Icon>
        <href></href>
      </Icon>
    </IconStyle>
  </Style>
  <Style id="style1">
    <LineStyle>
      <color>73FF0000</color>
      <width>5</width>
    </LineStyle>
  </Style>
  <Style id="style2">
    <IconStyle>
      <Icon>
        <href></href>
      </Icon>
    </IconStyle>
  </Style>
  <Placemark>
    <name>U.S. Highway 319</name>
    <styleUrl>#style1</styleUrl>
    <ExtendedData>
      <Data name="_SnapToRoads">
        <value>true</value>
      </Data>
    </ExtendedData>
    <LineString>
      <tessellate>1</tessellate>
      <coordinates>
        -84.980453,29.723660
        -84.979851,29.723749
        -84.973396,29.725679
        -84.972252,29.725941
        -84.971336,29.726080
        -84.967743,29.726580
        -84.955811,29.728029
        -84.954498,29.728149
        -84.916328,29.733271
        -84.911247,29.734131
        -84.899452,29.735661
        -84.880928,29.736540
        -84.878410,29.736719
        -84.877312,29.737089
        -84.876511,29.737490
        -84.867279,29.743290
        -84.865494,29.744110
        -84.864609,29.744459
        -84.854134,29.748489
        -84.846748,29.751249
        -84.846100,29.751530
        -84.844658,29.752291
        -84.838463,29.755650
        -84.836441,29.756540
        -84.835403,29.756941
        -84.834320,29.757280
        -84.833183,29.757580
        -84.831963,29.757811
        -84.830162,29.758070
        -84.825996,29.758200
        -84.825279,29.758310
        -84.824539,29.758511
        -84.823761,29.758801
        -84.822411,29.759390
        -84.813408,29.763390
        -84.811813,29.764231
        -84.809708,29.765570
        -84.807892,29.766560
        -84.806259,29.767340
        -84.804840,29.767870
        -84.803879,29.768181
        -84.802856,29.768440
        -84.801819,29.768560
        -84.800819,29.768570
        -84.800346,29.768620
        -84.799210,29.768841
        -84.798737,29.769011
        -84.797737,29.769581
        -84.793800,29.772461
        -84.792290,29.773460
        -84.782532,29.778891
        -84.780098,29.780109
        -84.778358,29.780840
        -84.776443,29.781380
        -84.775902,29.781610
        -84.768661,29.785410
        -84.768051,29.785891
        -84.767639,29.786369
        -84.766243,29.788570
        -84.765373,29.789320
        -84.764221,29.789860
        -84.762230,29.790609
        -84.758904,29.791460
        -84.757919,29.791861
        -84.756470,29.792641
        -84.755531,29.793070
        -84.754868,29.793190
        -84.754204,29.793221
        -84.753372,29.792999
        -84.752586,29.792891
        -84.752022,29.792900
        -84.751480,29.793020
        -84.750572,29.793430
        -84.744537,29.798479
        -84.739952,29.801760
        -84.737556,29.803230
        -84.736687,29.803829
        -84.734123,29.806000
        -84.732689,29.806850
        -84.724068,29.810369
        -84.720306,29.812189
        -84.719170,29.812780
        -84.717468,29.814190
        -84.716690,29.814751
        -84.714104,29.816200
        -84.712738,29.817221
        -84.710693,29.819189
        -84.709679,29.819901
        -84.708611,29.820560
        -84.707947,29.821110
        -84.707413,29.821730
        -84.705803,29.824051
        -84.705521,29.824381
        -84.705116,29.824751
        -84.704308,29.825220
        -84.703796,29.825451
        -84.703407,29.825560
        -84.699158,29.826151
        -84.697983,29.826521
        -84.697327,29.826839
        -84.694450,29.828461
        -84.693291,29.829050
        -84.689957,29.830980
        -84.688263,29.831900
        -84.687469,29.832251
        -84.685699,29.832689
        -84.685112,29.832899
        -84.684540,29.833191
        -84.684021,29.833639
        -84.683632,29.834080
        -84.683197,29.834921
        -84.681480,29.838739
        -84.680099,29.841610
        -84.679909,29.842159
        -84.679161,29.843679
        -84.677910,29.846430
        -84.677040,29.848860
        -84.675850,29.851780
        -84.675552,29.852209
        -84.675117,29.852579
        -84.674294,29.852961
        -84.673912,29.853010
        -84.670227,29.852970
        -84.668419,29.852840
        -84.667610,29.852579
        -84.666588,29.852131
        -84.666054,29.851870
        -84.664749,29.851110
        -84.663589,29.850559
        -84.662514,29.850290
        -84.661888,29.850229
        -84.659447,29.850149
        -84.655479,29.850121
        -84.646721,29.849960
        -84.645279,29.850060
        -84.644508,29.850210
        -84.643433,29.850510
        -84.642288,29.850969
        -84.641724,29.851271
        -84.640213,29.852190
        -84.639328,29.852489
        -84.637733,29.852909
        -84.637283,29.853090
        -84.636658,29.853380
        -84.633820,29.856440
        -84.631393,29.857759
        -84.628967,29.859570
        -84.622948,29.862829
        -84.622559,29.863110
        -84.621689,29.863911
        -84.620987,29.864470
        -84.612190,29.869591
        -84.611549,29.870070
        -84.609818,29.871849
        -84.604782,29.875540
        -84.603050,29.876699
        -84.599876,29.878679
        -84.596527,29.880619
        -84.588760,29.884190
        -84.580978,29.887680
        -84.577278,29.889071
        -84.574051,29.890181
        -84.555649,29.898800
        -84.547150,29.904390
        -84.544533,29.906031
        -84.539513,29.908480
        -84.538078,29.909349
        -84.535629,29.910959
        -84.532921,29.911900
        -84.532303,29.912210
        -84.531593,29.912640
        -84.530762,29.913000
        -84.529892,29.913260
        -84.526459,29.914009
        -84.525673,29.914261
        -84.525208,29.914480
        -84.524384,29.915010
        -84.521820,29.916849
        -84.521210,29.917419
        -84.520912,29.917789
        -84.520493,29.918550
        -84.520493,29.918550
        -84.520340,29.919010
        -84.520241,29.919640
        -84.520439,29.923241
        -84.520332,29.923639
        -84.520081,29.924170
        -84.517181,29.927879
        -84.516640,29.928360
        -84.516159,29.928671
        -84.514839,29.929260
        -84.513939,29.929831
        -84.509933,29.932779
        -84.503922,29.937031
        -84.503120,29.937700
        -84.500687,29.940870
        -84.500549,29.941170
        -84.500526,29.942270
        -84.500847,29.943270
        -84.505173,29.954840
        -84.505310,29.955360
        -84.505341,29.955681
        -84.505272,29.956200
        -84.505180,29.956430
        -84.500870,29.964581
        -84.500542,29.965401
        -84.499550,29.968580
        -84.498711,29.970980
        -84.498657,29.971750
        -84.498756,29.972759
        -84.500931,29.982389
        -84.501541,29.984909
        -84.503830,29.995640
        -84.503983,29.996710
        -84.504066,29.999889
        -84.504051,30.001280
        -84.503738,30.004040
        -84.503532,30.005140
        -84.494171,30.047291
        -84.492912,30.052719
        -84.492592,30.053410
        -84.491829,30.054331
        -84.491440,30.055031
        -84.490868,30.057240
        -84.490250,30.059990
        -84.489662,30.060530
        -84.489304,30.060711
        -84.488792,30.060841
        -84.488380,30.060810
        -84.482300,30.059771
        -84.481407,30.059700
        -84.480362,30.059811
        -84.477242,30.060261
        -84.475662,30.060551
        -84.474892,30.060789
        -84.463654,30.066561
        -84.460136,30.067780
        -84.458870,30.068180
        -84.457817,30.068380
        -84.453239,30.068331
        -84.452667,30.068399
        -84.451729,30.068790
        -84.447548,30.071369
        -84.446953,30.071659
        -84.446152,30.071880
        -84.445480,30.071960
        -84.442612,30.071840
        -84.441254,30.071739
        -84.440361,30.071831
        -84.440018,30.071930
        -84.431458,30.075411
        -84.430740,30.075621
        -84.421700,30.076700
        -84.419144,30.077049
        -84.418007,30.077049
        -84.415527,30.076870
        -84.413361,30.076620
        -84.407982,30.076180
        -84.407158,30.076241
        -84.406700,30.076330
        -84.405693,30.076620
        -84.389000,30.082870
        -84.388512,30.083151
        -84.388031,30.083570
        -84.387680,30.083691
        -84.387680,30.083691
        -84.386597,30.087120
        -84.385880,30.089621
        -84.385513,30.091290
        -84.385620,30.095501
        -84.385612,30.096130
        -84.385529,30.096701
        -84.385330,30.097179
        -84.384918,30.097870
        -84.381798,30.102530
        -84.381706,30.102579
        -84.381500,30.102859
        -84.380157,30.104860
        -84.380157,30.104860
        -84.380249,30.104910
        -84.380417,30.105160
        -84.380753,30.105921
        -84.381088,30.107500
        -84.384361,30.120951
        -84.387642,30.128210
        -84.387817,30.128820
        -84.387894,30.129271
        -84.387840,30.135540
        -84.387917,30.145700
        -84.387848,30.146290
        -84.387756,30.146620
        -84.387672,30.146860
        -84.387360,30.147350
        -84.382812,30.153780
        -84.382233,30.154680
        -84.382050,30.155109
        -84.381958,30.155531
        -84.381660,30.159081
        -84.381378,30.160700
        -84.380890,30.162291
        -84.380440,30.163429
        -84.379822,30.164600
        -84.378639,30.166420
        -84.375816,30.170240
        -84.375320,30.171289
        -84.375107,30.172020
        -84.375038,30.174629
        -84.375038,30.177820
        -84.375137,30.181841
        -84.375023,30.183290
        -84.374748,30.184700
        -84.374474,30.185659
        -84.372787,30.190121
        -84.370880,30.194880
        -84.369431,30.198740
        -84.363487,30.214029
        -84.362846,30.215710
        -84.362633,30.216459
        -84.362419,30.217609
        -84.362373,30.218580
        -84.362396,30.244200
        -84.362167,30.264580
        -84.362068,30.267799
        -84.361923,30.268641
        -84.361504,30.269859
        -84.360939,30.270880
        -84.356079,30.277460
        -84.355026,30.279190
        -84.354080,30.282030
        -84.353508,30.284081
        -84.352180,30.288191
        -84.349899,30.295950
        -84.348869,30.298290
        -84.342560,30.311569
        -84.341682,30.313169
        -84.341049,30.314100
        -84.340408,30.314911
        -84.332397,30.324450
        -84.316292,30.342760
        -84.316193,30.342810
        -84.315079,30.343910
        -84.313980,30.344860
        -84.311447,30.346689
        -84.310707,30.347290
        -84.309380,30.348690
        -84.308807,30.349489
        -84.306877,30.352909
        -84.306038,30.354179
        -84.305260,30.355200
        -84.304527,30.356050
        -84.303741,30.356840
        -84.302971,30.357540
        -84.301682,30.358589
        -84.300797,30.359631
        -84.300362,30.360279
        -84.292519,30.375811
        -84.292519,30.375811
        -84.289307,30.375811
        -84.288406,30.375830
        -84.288338,30.375891
        -84.284569,30.375931
        -84.274437,30.375891
        -84.272751,30.375700
        -84.271889,30.375650
        -84.270470,30.375669
        -84.251778,30.375521
        -84.247261,30.375540
        -84.246742,30.375620
        -84.242592,30.375719
        -84.241570,30.375879
        -84.240646,30.376169
        -84.239777,30.376591
        -84.238968,30.377131
        -84.238426,30.377630
        -84.237869,30.378300
        -84.237427,30.378929
        -84.237007,30.379780
        -84.235741,30.384821
        -84.235550,30.385860
        -84.235458,30.386761
        -84.235359,30.390770
        -84.235069,30.392799
        -84.234940,30.394211
        -84.234901,30.398849
        -84.234802,30.403049
        -84.234787,30.413429
        -84.234756,30.414660
        -84.234680,30.415260
        -84.234390,30.416059
        -84.234100,30.416599
        -84.233871,30.416960
        -84.233261,30.417641
        -84.231422,30.419029
        -84.228241,30.421169
        -84.227669,30.421690
        -84.227463,30.421921
        -84.227081,30.422520
        -84.226807,30.423170
        -84.226707,30.423651
        -84.226646,30.425840
        -84.226662,30.427780
        -84.226547,30.431120
        -84.226540,30.437870
        -84.226448,30.440821
        -84.226479,30.441389
        -84.226402,30.451790
        -84.226440,30.455040
        -84.226509,30.455509
        -84.226669,30.456091
        -84.227089,30.457041
        -84.227631,30.458071
        -84.227829,30.458639
        -84.227890,30.458990
        -84.227898,30.463091
        -84.227943,30.463409
        -84.228149,30.464050
        -84.228523,30.464680
        -84.229317,30.465509
        -84.229622,30.465891
        -84.229942,30.466480
        -84.230110,30.466949
        -84.230843,30.469780
        -84.231483,30.471189
        -84.231743,30.471581
        -84.232269,30.472219
        -84.234482,30.474350
        -84.235237,30.475210
        -84.235863,30.476200
        -84.236389,30.477480
        -84.236603,30.478420
        -84.236702,30.479309
        -84.236710,30.482950
        -84.236794,30.483940
        -84.237068,30.485001
        -84.237267,30.485510
        -84.237762,30.486481
        -84.238632,30.487579
        -84.242638,30.491880
        -84.243729,30.493130
        -84.244530,30.493919
        -84.245193,30.494730
        -84.245613,30.495390
        -84.246048,30.496300
        -84.246536,30.497620
        -84.247032,30.498970
        -84.248672,30.503941
        -84.249557,30.506220
        -84.249611,30.506729
        -84.249512,30.507050
        -84.249542,30.507111
        -84.249542,30.507111
        -84.248756,30.508240
        -84.247849,30.509300
        -84.246582,30.510580
        -84.244263,30.512630
        -84.242851,30.514111
        -84.242073,30.515079
        -84.241600,30.515751
        -84.240723,30.517160
        -84.237442,30.523840
        -84.236267,30.526079
        -84.234993,30.528749
        -84.227043,30.544340
        -84.223442,30.551180
        -84.220329,30.557280
        -84.219452,30.558689
        -84.218613,30.559811
        -84.217972,30.560530
        -84.214882,30.563629
        -84.213501,30.565090
        -84.211067,30.567499
        -84.208328,30.570379
        -84.202431,30.576281
        -84.201309,30.577499
        -84.200569,30.578470
        -84.193367,30.588890
        -84.192596,30.589920
        -84.191048,30.591770
        -84.188042,30.594999
        -84.182762,30.601370
        -84.174011,30.612761
        -84.173347,30.613701
        -84.172600,30.614950
        -84.171989,30.616211
        -84.171532,30.617479
        -84.170250,30.621460
        -84.170013,30.622400
        -84.169456,30.626190
        -84.169228,30.628361
        -84.168182,30.645550
        -84.168190,30.647160
        -84.168938,30.656290
        -84.168922,30.657129
        -84.168823,30.658190
        -84.168678,30.659040
        -84.168289,30.660460
        -84.167419,30.662571
        -84.167038,30.663280
        -84.166283,30.664431
        -84.158920,30.673300
        -84.157387,30.675341
        -84.154861,30.679689
        -84.154343,30.680510
        -84.151749,30.685089
        -84.151260,30.686090
        -84.150803,30.687220
        -84.148453,30.695921
        -84.147583,30.698561
        -84.144302,30.706671
        -84.143402,30.708120
        -84.142998,30.708620
        -84.142090,30.709600
        -84.141083,30.710430
        -84.139671,30.711281
        -84.137268,30.712940
        -84.132942,30.715731
        -84.131859,30.716471
        -84.130028,30.718260
        -84.128639,30.719730
        -84.124840,30.723530
        -84.118317,30.730360
        -84.117577,30.731180
        -84.116524,30.732550
        -84.112320,30.737000
        -84.111214,30.738079
        -84.107491,30.742081
        -84.106842,30.742809
        -84.106583,30.743259
        -84.106178,30.743790
        -84.099762,30.752119
        -84.098907,30.753139
        -84.094360,30.757521
        -84.088882,30.762489
        -84.081131,30.768591
        -84.080109,30.769310
        -84.078690,30.770010
        -84.078110,30.770229
        -84.071617,30.772421
        -84.070831,30.772820
        -84.067169,30.775400
        -84.066711,30.775780
        -84.064980,30.776850
        -84.063347,30.777769
        -84.062370,30.778250
        -84.060692,30.778860
        -84.060204,30.778950
        -84.058517,30.779400
        -84.055901,30.780260
        -84.054817,30.780729
        -84.053490,30.781380
        -84.049927,30.783449
        -84.048149,30.784389
        -84.046211,30.785271
        -84.036873,30.789009
        -84.034409,30.790091
        -84.033562,30.790600
        -84.031578,30.791929
        -84.027901,30.794649
        -84.026352,30.795879
        -84.017906,30.802919
        -84.013733,30.806580
        -84.011642,30.808229
        -84.011192,30.808540
        -84.005341,30.813280
        -84.003273,30.815001
        -84.003128,30.815130
        -84.003098,30.815229
        -84.001984,30.816219
        -83.996498,30.820650
        -83.995102,30.821890
        -83.987602,30.827669
        -83.986313,30.828760
        -83.985771,30.829399
        -83.985397,30.829981
        -83.984581,30.831530
        -83.983711,30.833300
        -83.983231,30.834129
        -83.982887,30.835409
        -83.982582,30.835911
        -83.981033,30.836910
        -83.975769,30.840679
        -83.971802,30.843370
        -83.965012,30.848120
        -83.955597,30.854500
        -83.954369,30.855419
        -83.953217,30.856190
        -83.947601,30.860229
        -83.946190,30.861191
        -83.943947,30.862900
        -83.943069,30.863880
        -83.942429,30.865089
        -83.942268,30.865459
        -83.940582,30.870560
        -83.940323,30.871281
        -83.939987,30.871849
        -83.939194,30.872789
        -83.932289,30.879440
        -83.931793,30.880039
        -83.931572,30.880440
        -83.931480,30.880791
        -83.931473,30.881720
        -83.931961,30.889610
        -83.931992,30.891041
        -83.932129,30.892969
        -83.932121,30.893700
        -83.931900,30.894850
        -83.931717,30.895439
        -83.931450,30.896021
        -83.930298,30.897949
        -83.930061,30.898239
        -83.928650,30.900320
        -83.922203,30.909920
        -83.918777,30.915150
        -83.916870,30.917900
        -83.914612,30.921301
        -83.914062,30.922729
        -83.913330,30.925350
        -83.910538,30.935740
        -83.909897,30.938360
        -83.909698,30.938959
        -83.909271,30.939800
        -83.908722,30.940559
        -83.907784,30.941561
        -83.898277,30.950380
        -83.897881,30.950880
        -83.897560,30.951420
        -83.897346,30.951950
        -83.896172,30.955500
        -83.895988,30.955919
        -83.892853,30.965469
        -83.891830,30.968260
        -83.891373,30.969271
        -83.891006,30.969931
        -83.889374,30.972691
        -83.886330,30.977350
        -83.884567,30.979429
        -83.882500,30.981590
        -83.880592,30.983789
        -83.879173,30.985550
        -83.876640,30.989820
        -83.874878,30.992960
        -83.870018,31.001360
        -83.869148,31.003040
        -83.868874,31.003771
        -83.865150,31.016010
        -83.864990,31.016550
        -83.864861,31.017260
        -83.864021,31.019920
        -83.862892,31.023790
        -83.862198,31.025970
        -83.861862,31.026720
        -83.861443,31.027420
        -83.860611,31.028450
        -83.858551,31.030470
        -83.849602,31.039570
        -83.844109,31.043949
        -83.843262,31.044670
        -83.841690,31.046200
        -83.839684,31.048651
        -83.837898,31.050920
        -83.835350,31.053949
        -83.831284,31.058941
        -83.829628,31.061010
        -83.828979,31.061911
        -83.828018,31.063589
        -83.826576,31.066370
        -83.825989,31.067400
        -83.823883,31.070789
        -83.823143,31.072149
        -83.820518,31.077820
        -83.820023,31.078800
        -83.819344,31.079720
        -83.818497,31.080620
        -83.817558,31.081499
        -83.807693,31.090410
        -83.807343,31.090780
        -83.804802,31.093060
        -83.803230,31.094561
        -83.799141,31.098961
        -83.794579,31.103720
        -83.792809,31.105970
        -83.789017,31.110470
        -83.787491,31.112370
        -83.786499,31.113550
        -83.786377,31.113569
        -83.784653,31.115601
        -83.783531,31.117020
        -83.780060,31.121189
        -83.779053,31.122540
        -83.777802,31.123970
        -83.775452,31.126909
        -83.774002,31.128639
        -83.772697,31.130369
        -83.771530,31.132130
        -83.770538,31.133970
        -83.767952,31.139740
        -83.766670,31.142981
        -83.766037,31.144279
        -83.762627,31.152269
        -83.762238,31.153240
        -83.761879,31.154360
        -83.761650,31.155621
        -83.761559,31.156740
        -83.761543,31.169621
        -83.761436,31.174749
        -83.761803,31.178740
        -83.761917,31.180599
        -83.761642,31.187349
        -83.761711,31.188919
        -83.761963,31.189791
        -83.762222,31.190310
        -83.762581,31.190889
        -83.763733,31.192240
        -83.766701,31.195499
        -83.767487,31.196480
        -83.774521,31.203991
        -83.778687,31.208570
        -83.778687,31.208570
        -83.774033,31.213289
        -83.771088,31.216190
        -83.770500,31.216690
        -83.769859,31.217079
        -83.768990,31.217501
        -83.765213,31.218781
        -83.760727,31.220119
        -83.759537,31.220539
        -83.752640,31.222651
        -83.751862,31.222940
        -83.751160,31.223310
        -83.750526,31.223829
        -83.749947,31.224440
        -83.746880,31.227890
        -83.745537,31.229280
        -83.743568,31.230909
        -83.734398,31.238060
        -83.724297,31.246161
        -83.722939,31.247169
        -83.720901,31.248550
        -83.718437,31.250059
        -83.715652,31.251850
        -83.714523,31.252501
        -83.707962,31.256630
        -83.706429,31.257490
        -83.699890,31.260130
        -83.697617,31.261089
        -83.690163,31.264059
        -83.689774,31.264280
        -83.689117,31.264839
        -83.688828,31.265221
        -83.688599,31.265659
        -83.687523,31.268030
        -83.686913,31.269661
        -83.684761,31.274549
        -83.683083,31.278660
        -83.682953,31.278780
        -83.682579,31.279560
        -83.680267,31.284901
        -83.679703,31.285971
        -83.679153,31.286760
        -83.678818,31.287130
        -83.678360,31.287531
        -83.677589,31.288139
        -83.676582,31.288759
        -83.667648,31.292931
        -83.664810,31.294270
        -83.664711,31.294359
        -83.658852,31.297070
        -83.656990,31.298000
        -83.655777,31.298500
        -83.649689,31.301331
        -83.648758,31.301821
        -83.641296,31.305330
        -83.638939,31.306480
        -83.638382,31.306820
        -83.637001,31.307940
        -83.617538,31.327820
        -83.615433,31.329849
        -83.614342,31.330549
        -83.613091,31.331230
        -83.612259,31.331739
        -83.610207,31.332899
        -83.609200,31.333401
        -83.608162,31.333660
        -83.607422,31.333759
        -83.606453,31.333820
        -83.605537,31.333969
        -83.605042,31.334110
        -83.600670,31.335850
        -83.599609,31.336510
        -83.598503,31.337681
        -83.598038,31.338270
        -83.597557,31.338770
        -83.597183,31.339081
        -83.592796,31.341579
        -83.591858,31.342300
        -83.591362,31.342800
        -83.588463,31.346750
        -83.582420,31.355101
        -83.581291,31.356541
        -83.579063,31.359690
        -83.573387,31.367510
        -83.572159,31.368999
        -83.570061,31.370939
        -83.567284,31.373329
        -83.565910,31.374390
        -83.556091,31.381491
        -83.538918,31.393040
        -83.537712,31.393940
        -83.536949,31.394840
        -83.536560,31.395599
        -83.536346,31.396070
        -83.536179,31.397039
        -83.535782,31.408409
        -83.534920,31.428631
        -83.534828,31.432249
        -83.534599,31.437201
        -83.534531,31.437731
        -83.533958,31.439341
        -83.531868,31.442770
        -83.530098,31.445379
        -83.528008,31.448870
        -83.527748,31.449390
        -83.527702,31.449690
        -83.527740,31.449961
        -83.527740,31.449961
        -83.527573,31.450279
        -83.525597,31.450649
        -83.522751,31.450911
        -83.520668,31.451180
        -83.519188,31.451281
        -83.517967,31.451111
        -83.514252,31.450010
        -83.512993,31.449570
        -83.512512,31.449551
        -83.512192,31.449591
        -83.510742,31.450029
        -83.507736,31.450800
        -83.507172,31.450790
        -83.500977,31.450340
        -83.497620,31.450050
        -83.496117,31.449619
        -83.492142,31.448339
        -83.491478,31.448000
        -83.489510,31.446621
        -83.488472,31.446199
        -83.486412,31.445650
        -83.486412,31.445650
        -83.485832,31.445950
        -83.485031,31.446489
        -83.481308,31.449659
        -83.475929,31.454100
        -83.475128,31.454809
        -83.467690,31.461010
        -83.467102,31.461550
        -83.465668,31.463060
        -83.462646,31.466860
        -83.459679,31.470011
        -83.436836,31.493580
        -83.431702,31.498791
        -83.419647,31.511271
        -83.417648,31.513229
        -83.410950,31.520210
        -83.403084,31.528311
        -83.401443,31.530060
        -83.397118,31.534451
        -83.395363,31.535891
        -83.393951,31.536819
        -83.390167,31.538879
        -83.388947,31.539499
        -83.386597,31.540831
        -83.386093,31.541149
        -83.384949,31.542009
        -83.382988,31.543711
        -83.378036,31.548229
        -83.370468,31.554970
        -83.368973,31.556280
        -83.367104,31.557640
        -83.365211,31.558611
        -83.363937,31.559130
        -83.362534,31.559561
        -83.358101,31.560711
        -83.347298,31.563370
        -83.342194,31.564569
        -83.341133,31.564751
        -83.340439,31.564800
        -83.339058,31.564760
        -83.328667,31.563120
        -83.327690,31.563061
        -83.326439,31.563120
        -83.324707,31.563431
        -83.317078,31.565180
        -83.314682,31.565781
        -83.313148,31.566481
        -83.312576,31.566811
        -83.310760,31.568199
        -83.309883,31.568960
        -83.305420,31.572430
        -83.302917,31.574249
        -83.302078,31.574690
        -83.301361,31.574980
        -83.291229,31.578239
        -83.288971,31.579201
        -83.282578,31.582640
        -83.279869,31.584150
        -83.268021,31.590500
        -83.265182,31.591961
        -83.261749,31.593830
        -83.261124,31.594120
        -83.259903,31.594400
        -83.257858,31.594311
        -83.255409,31.594330
        -83.250549,31.594271
        -83.250549,31.594271
        -83.250252,31.603889
        -83.250252,31.603889
        -83.250061,31.612789
        -83.249939,31.615339
        -83.249733,31.623060
        -83.249763,31.625200
        -83.249550,31.628010
        -83.249268,31.630301
        -83.249077,31.631380
        -83.246857,31.637110
        -83.246689,31.637770
        -83.246597,31.638300
        -83.246208,31.643539
        -83.246002,31.645519
        -83.245033,31.649590
        -83.244057,31.653080
        -83.243790,31.653730
        -83.243073,31.654890
        -83.235718,31.663580
        -83.235184,31.664520
        -83.234909,31.665331
        -83.234840,31.665760
        -83.234818,31.666870
        -83.235367,31.670370
        -83.237152,31.680710
        -83.237488,31.681761
        -83.238068,31.682890
        -83.239304,31.684731
        -83.245064,31.692631
        -83.245064,31.692631
        -83.241669,31.694220
        -83.240494,31.694860
        -83.240158,31.695129
        -83.239906,31.695431
        -83.239349,31.696329
        -83.239258,31.697050
        -83.239441,31.700491
        -83.239510,31.703180
        -83.239403,31.703800
        -83.239113,31.704620
        -83.238869,31.705070
        -83.237488,31.707130
        -83.236137,31.709299
        -83.235970,31.709650
        -83.235779,31.710409
        -83.235718,31.713970
        -83.235718,31.713970
        -83.228630,31.713831
        -83.206741,31.713230
        -83.192078,31.713150
        -83.191231,31.713430
        -83.189957,31.714319
        -83.180420,31.724871
        -83.178528,31.727039
        -83.177078,31.728531
        -83.175919,31.729469
        -83.172729,31.731279
        -83.156967,31.739679
        -83.134460,31.751881
        -83.129631,31.754431
        -83.120033,31.759661
        -83.115562,31.762030
        -83.112877,31.763540
        -83.102821,31.768829
        -83.096840,31.772100
        -83.086693,31.777451
        -83.085381,31.777960
        -83.084373,31.778210
        -83.083282,31.778410
        -83.081833,31.778521
        -83.080452,31.778521
        -83.079247,31.778419
        -83.073090,31.777109
        -83.070267,31.776609
        -83.023537,31.768650
        -83.016327,31.767349
        -83.013977,31.766840
        -83.011047,31.766121
        -83.002640,31.764240
        -82.993507,31.762110
        -82.991119,31.761629
        -82.990143,31.761551
        -82.989227,31.761551
        -82.987747,31.761721
        -82.986481,31.762039
        -82.985291,31.762480
        -82.981918,31.763950
        -82.980186,31.764799
        -82.979393,31.765320
        -82.978592,31.766100
        -82.977882,31.766960
        -82.974670,31.772480
        -82.974449,31.773500
        -82.974449,31.775869
        -82.974380,31.776369
        -82.974228,31.776779
        -82.973969,31.777241
        -82.973480,31.777760
        -82.972672,31.778271
        -82.972672,31.778271
        -82.975502,31.783421
        -82.979103,31.790791
        -82.980423,31.793591
        -82.981621,31.796360
        -82.983589,31.800449
        -82.983742,31.800980
        -82.983780,31.801460
        -82.983788,31.802130
        -82.983688,31.802679
        -82.983490,31.803289
        -82.983147,31.804001
        -82.980766,31.808001
        -82.980293,31.809151
        -82.978912,31.812981
        -82.978790,31.818100
        -82.975777,31.840200
        -82.975700,31.841579
        -82.975792,31.856449
        -82.975754,31.857281
        -82.975403,31.859221
        -82.974953,31.860510
        -82.974380,31.861601
        -82.973869,31.862419
        -82.969879,31.867550
        -82.969360,31.868349
        -82.968269,31.870590
        -82.967758,31.872089
        -82.965759,31.881571
        -82.965439,31.882580
        -82.965073,31.883440
        -82.964699,31.884121
        -82.963898,31.885361
        -82.963219,31.886221
        -82.962463,31.887039
        -82.961472,31.887920
        -82.960793,31.888439
        -82.960091,31.888901
        -82.955719,31.891199
        -82.950539,31.894079
        -82.950073,31.894409
        -82.949333,31.895029
        -82.948769,31.895691
        -82.948250,31.896500
        -82.947998,31.897350
        -82.947769,31.898750
        -82.946869,31.907160
        -82.944641,31.925270
        -82.944351,31.926901
        -82.943680,31.928711
        -82.943382,31.929390
        -82.942879,31.930321
        -82.941742,31.931749
        -82.940376,31.933170
        -82.940002,31.933720
        -82.939102,31.935301
        -82.937981,31.937740
        -82.934128,31.950199
        -82.932877,31.954540
        -82.924896,31.981190
        -82.923210,31.986971
        -82.922180,31.990240
        -82.916069,32.010509
        -82.913750,32.018440
        -82.910210,32.030182
        -82.907784,32.035702
        -82.907471,32.036610
        -82.907333,32.037788
        -82.907463,32.039040
        -82.907692,32.039879
        -82.909752,32.045441
        -82.909981,32.046211
        -82.909973,32.046440
        -82.910110,32.047440
        -82.910141,32.048290
        -82.910011,32.049129
        -82.909859,32.049641
        -82.909607,32.050171
        -82.906731,32.054680
        -82.906662,32.054951
        -82.906433,32.055382
        -82.904922,32.057758
        -82.904404,32.058460
        -82.903778,32.059589
        -82.902222,32.064030
        -82.901192,32.067421
        -82.900192,32.070000
        -82.899361,32.072430
        -82.898590,32.073990
        -82.897568,32.075420
        -82.896957,32.076069
        -82.895668,32.077171
        -82.894096,32.078209
        -82.892693,32.078899
        -82.887993,32.080799
        -82.884331,32.082390
        -82.883698,32.082760
        -82.883698,32.082760
        -82.883324,32.083431
        -82.883118,32.083912
        -82.883110,32.084469
        -82.883202,32.084942
        -82.884537,32.091629
        -82.884842,32.093380
        -82.892479,32.130970
        -82.894257,32.140129
        -82.895210,32.144650
        -82.903671,32.186539
        -82.903961,32.187649
        -82.904778,32.190189
        -82.905670,32.192730
        -82.907303,32.197769
        -82.908218,32.200352
        -82.909126,32.204029
        -82.912918,32.222630
        -82.913048,32.224709
        -82.912971,32.225990
        -82.912521,32.230221
        -82.911880,32.235321
        -82.911087,32.237850
        -82.910118,32.239990
        -82.908638,32.242970
        -82.907433,32.246330
        -82.905472,32.254452
        -82.905403,32.255051
        -82.905373,32.255630
        -82.905479,32.256290
        -82.905869,32.257549
        -82.906090,32.257969
        -82.906700,32.258911
        -82.910141,32.262920
        -82.910713,32.263710
        -82.911270,32.264938
        -82.911530,32.265690
        -82.911690,32.266491
        -82.911697,32.268082
        -82.911324,32.272598
        -82.911148,32.273602
        -82.907257,32.290588
        -82.907143,32.291271
        -82.907082,32.292809
        -82.907288,32.293869
        -82.908180,32.297050
        -82.908669,32.298672
        -82.909210,32.299980
        -82.909592,32.300751
        -82.917412,32.314270
        -82.918213,32.315769
        -82.918716,32.317150
        -82.921547,32.326691
        -82.925751,32.346439
        -82.926109,32.348370
        -82.927979,32.357319
        -82.929253,32.363022
        -82.929703,32.364510
        -82.931618,32.369450
        -82.931976,32.370708
        -82.933121,32.379669
        -82.933197,32.380939
        -82.933250,32.384418
        -82.933228,32.386879
        -82.933311,32.387810
        -82.933418,32.388790
        -82.934479,32.395081
        -82.935547,32.400478
        -82.936058,32.402248
        -82.938873,32.411110
        -82.939346,32.412800
        -82.939842,32.414940
        -82.941032,32.423691
        -82.942490,32.430660
        -82.944878,32.441010
        -82.945152,32.442822
        -82.945183,32.443409
        -82.945190,32.444118
        -82.945091,32.445591
        -82.944397,32.450851
        -82.944260,32.451420
        -82.943916,32.452492
        -82.943550,32.453320
        -82.942223,32.456020
        -82.941780,32.456779
        -82.941101,32.458229
        -82.940773,32.459141
        -82.940262,32.461109
        -82.938583,32.474140
        -82.938301,32.476711
        -82.937477,32.482841
        -82.937027,32.484638
        -82.936600,32.485909
        -82.935516,32.487469
        -82.934151,32.489239
        -82.931038,32.492882
        -82.929497,32.494850
        -82.928993,32.495628
        -82.927971,32.497429
        -82.925682,32.503399
        -82.924118,32.507660
        -82.923912,32.508492
        -82.923248,32.514271
        -82.923141,32.514870
        -82.922859,32.515781
        -82.922493,32.516579
        -82.922012,32.517361
        -82.920532,32.519379
        -82.917152,32.523609
        -82.914436,32.527161
        -82.913391,32.528431
        -82.913002,32.528999
        -82.911781,32.531090
        -82.911171,32.531979
        -82.910789,32.532349
        -82.909782,32.533100
        -82.909302,32.533401
        -82.908203,32.533920
        -82.907707,32.534241
        -82.907249,32.534710
        -82.906189,32.536160
        -82.905952,32.536419
        -82.905586,32.536678
        -82.905144,32.536861
        -82.904282,32.536991
        -82.903976,32.537079
        -82.903091,32.537472
        -82.903091,32.537472
        -82.900574,32.538429
        -82.900429,32.538570
        -82.900429,32.538570
        -82.900383,32.538750
        -82.900490,32.539001
        -82.901520,32.541019
        -82.901520,32.541019
        -82.898987,32.541969
        -82.895531,32.543121
        -82.893738,32.543781
        -82.888779,32.545761
        -82.886902,32.546600
        -82.882591,32.548271
        -82.880280,32.549122
        -82.879288,32.549412
        -82.877953,32.549568
        -82.877312,32.549561
        -82.876968,32.549511
        -82.872589,32.548531
        -82.872002,32.548351
        -82.871780,32.548229
        -82.871780,32.548229
        -82.871384,32.548500
        -82.870659,32.548672
        -82.869667,32.549042
        -82.868958,32.549469
        -82.864067,32.553040
        -82.862030,32.554600
        -82.861099,32.555210
        -82.857498,32.557941
        -82.855728,32.559341
        -82.850571,32.563599
        -82.849197,32.564678
        -82.842468,32.569321
        -82.841370,32.570251
        -82.840973,32.570690
        -82.840088,32.571789
        -82.839653,32.572472
        -82.839211,32.573311
        -82.838722,32.574638
        -82.837929,32.578419
        -82.837540,32.579380
        -82.835602,32.582550
        -82.830322,32.590858
        -82.829453,32.592079
        -82.827583,32.594269
        -82.826477,32.595638
        -82.825539,32.597221
        -82.815987,32.614311
        -82.815331,32.615589
        -82.813042,32.620911
        -82.808380,32.630402
        -82.806290,32.634430
        -82.799400,32.646858
        -82.796143,32.652630
        -82.795570,32.654209
        -82.794380,32.660511
        -82.792953,32.667511
        -82.791672,32.672291
        -82.790619,32.676601
        -82.790024,32.678730
        -82.789520,32.679798
        -82.785988,32.686378
        -82.784210,32.689449
        -82.779823,32.697491
        -82.778481,32.699009
        -82.771492,32.704922
        -82.769623,32.706390
        -82.748756,32.721161
        -82.744308,32.724232
        -82.743523,32.724838
        -82.742371,32.725639
        -82.740891,32.726471
        -82.740791,32.726452
        -82.739708,32.726860
        -82.739227,32.726978
        -82.733414,32.728249
        -82.727539,32.729290
        -82.726227,32.729450
        -82.724838,32.729488
        -82.717453,32.729500
        -82.715279,32.729519
        -82.714241,32.729580
        -82.713440,32.729710
        -82.710251,32.730591
        -82.709778,32.730621
        -82.708138,32.730881
        -82.706383,32.731220
        -82.700600,32.732140
        -82.690430,32.733601
        -82.684723,32.734600
        -82.682129,32.735119
        -82.680351,32.735649
        -82.677582,32.736561
        -82.666161,32.740490
        -82.654968,32.744228
        -82.652092,32.745251
        -82.639870,32.750301
        -82.630661,32.755112
        -82.623833,32.759541
        -82.623001,32.759960
        -82.622223,32.760231
        -82.613762,32.762520
        -82.610924,32.763340
        -82.609909,32.763779
        -82.609253,32.764118
        -82.608337,32.764709
        -82.605782,32.766689
        -82.601913,32.769760
        -82.588570,32.780170
        -82.586731,32.781559
        -82.585487,32.782410
        -82.581520,32.784931
        -82.578743,32.786579
        -82.577858,32.787010
        -82.576973,32.787380
        -82.575844,32.787762
        -82.572243,32.788860
        -82.564690,32.790428
        -82.563248,32.790771
        -82.557587,32.792332
        -82.556252,32.792549
        -82.555389,32.792610
        -82.552467,32.792702
        -82.551247,32.792809
        -82.546791,32.793079
        -82.546158,32.793140
        -82.545120,32.793350
        -82.541656,32.794220
        -82.540558,32.794601
        -82.536598,32.796509
        -82.535912,32.796902
        -82.534897,32.797600
        -82.534042,32.798409
        -82.532387,32.800381
        -82.530472,32.802551
        -82.524261,32.807320
        -82.522278,32.808910
        -82.517830,32.812351
        -82.516693,32.813438
        -82.514122,32.816078
        -82.513680,32.816471
        -82.508667,32.821529
        -82.506317,32.823799
        -82.505547,32.824409
        -82.504387,32.825218
        -82.496521,32.830040
        -82.494423,32.831532
        -82.489258,32.836689
        -82.485420,32.840431
        -82.484268,32.841610
        -82.483582,32.842388
        -82.482460,32.843922
        -82.481613,32.845409
        -82.481247,32.846130
        -82.480469,32.848091
        -82.480164,32.849270
        -82.479919,32.850700
        -82.478058,32.868629
        -82.477409,32.871300
        -82.476334,32.874130
        -82.474380,32.877972
        -82.474220,32.878391
        -82.474037,32.878700
        -82.473808,32.878971
        -82.473099,32.879040
        -82.471771,32.879082
        -82.466553,32.879608
        -82.465172,32.879589
        -82.463692,32.879410
        -82.461563,32.879082
        -82.459007,32.878620
        -82.455330,32.877861
        -82.448692,32.876202
        -82.446419,32.875591
        -82.443192,32.874519
        -82.438698,32.872879
        -82.431519,32.870338
        -82.430740,32.870098
        -82.427971,32.869331
        -82.425690,32.868729
        -82.425262,32.868671
        -82.423462,32.868221
        -82.420151,32.867310
        -82.416878,32.866581
        -82.413849,32.866249
        -82.408852,32.865921
        -82.408272,32.865940
        -82.405922,32.866322
        -82.404617,32.866390
        -82.397141,32.867081
        -82.396378,32.867249
        -82.395447,32.867561
      </coordinates>
    </LineString>
  </Placemark>
</Document>
</kml>